100
177985396 620161272
742916115 620161282
72566353 620161272
332142034 620161272
237540745 620161272
586346048 620161282
919210222 620161272
945972755 620161272
6023377 620161282
702300596 620161272
849450359 620161282
347158944 620161282
632673723 620161272
475544276 620161272
991037411 620161282
554329907 620161272
355943253 620161272
2174078 620161282
368147745 620161282
232480166 620161282
67229606 620161282
450279746 620161282
998589646 620161272
358350346 620161282
172842388 620161272
500113538 620161282
695497389 620161282
460503737 620161272
512872567 620161272
120443142 620161282
735712641 620161272
998065651 620161282
449089413 620161272
168276729 620161282
983314543 620161282
258717725 620161282
395414291 620161282
129590662 620161282
742916115 620161272
303782767 620161272
586346048 620161272
256955369 620161282
6023377 620161272
980031863 620161282
860185932 620161282
624764906 620161282
375968370 620161282
849450359 620161272
347158944 620161272
991037411 620161272
237540745 620161282
368147745 620161272
232480166 620161272
941305626 620161282
759141992 620161282
450279746 620161272
27968043 620161282
358350346 620161272
500113538 620161272
695497389 620161272
120443142 620161272
49282728 620161282
81556113 620161272
998065651 620161272
168276729 620161272
983314543 620161272
258717725 620161272
63122384 620161282
395414291 620161272
172842388 620161282
460503737 620161282
129590662 620161272
256955369 620161272
177985396 620161282
72566353 620161282
332142034 620161282
860185932 620161272
919210222 620161282
945972755 620161282
624764906 620161272
375968370 620161272
2174078 620161272
303782767 620161282
67229606 620161272
702300596 620161282
632673723 620161282
759141992 620161272
475544276 620161282
941305626 620161272
27968043 620161272
554329907 620161282
355943253 620161282
49282728 620161272
998589646 620161282
512872567 620161282
63122384 620161272
735712641 620161282
449089413 620161282
980031863 620161272
81556113 620161282
