100
445089525 1090054090
476370167 1118442975
396546188 1045998373
357335333 1010412403
629389969 1257316765
698199266 1319764945
47837430 729526226
559682811 1194053729
691643555 1313815294
248386982 911535850
445089518 1090054098
518669607 1156832030
377899634 1029075611
370393631 1022263518
210242055 876917241
424317319 1071202184
262529874 924371294
549564499 1184870824
629389962 1257316773
515971087 1154382962
36750995 719464683
357335339 1010412395
196728970 864653381
187482714 856261901
278859261 939191086
414558605 1062345620
228780606 893741997
228780613 893741990
304630186 962579616
121957114 796793857
84412886 762720442
180362131 849799599
671637625 1295658824
359312080 1012206395
671637632 1295658817
694946922 1316813265
196728963 864653389
414558598 1062345628
30443350 713740153
476370161 1118442982
597482474 1228358978
553108632 1188087304
180362138 849799591
518669614 1156832023
121957108 796793864
13166404 698060371
698199260 1319764952
84412893 762720434
729400956 1348082174
199390776 867069115
36751002 719464676
322580443 978870436
452284134 1096583589
150056404 822295490
216215596 882338554
132611396 806463210
729400949 1348082182
7694888 693094672
370229425 1022114493
515971080 1154382970
248386988 911535842
187482707 856261909
199390769 867069123
587214952 1219040644
278859254 939191094
662935143 1287760849
414103097 1061932236
7694881 693094680
439341748 1084837684
691643562 1313815286
118838154 793963244
110604216 786490483
262529881 924371287
396546181 1045998380
694946915 1316813273
597482467 1228358986
359312073 1012206402
370393637 1022263511
132611403 806463203
304630193 962579609
549564505 1184870817
587214945 1219040651
414103104 1061932228
559682804 1194053736
439341755 1084837676
110604209 786490491
370229432 1022114486
13166397 698060378
377899627 1029075618
210242048 876917248
47837437 729526219
424317312 1071202191
322580436 978870444
452284127 1096583597
553108626 1188087312
662935150 1287760842
216215589 882338562
150056397 822295497
30443357 713740145
118838161 793963237
