100
158343438 1617953797
144065470 1536112098
109156841 1336014894
88167435 1215703055
130254245 1456945784
166756220 1666176091
5561536 742203809
117242375 1382361398
93944380 1248816659
37590714 925795921
31584629 891368885
72213091 1124252321
157262758 1611759313
59879429 1053555438
106258463 1319401314
133235432 1474034032
81597411 1178043500
54314037 1021654462
90385285 1228415832
104715539 1310557234
132681273 1470857573
33242523 900871974
57456824 1039669002
20330397 826859321
28411235 873178904
115644816 1373204142
9064687 762283965
163532206 1647695956
7115288 751109958
95668115 1258697155
15868727 801284905
53492596 1016945943
63765553 1075830806
47682840 983644262
2696473 725781192
162387704 1641135638
159143324 1622538769
12609248 782601483
155677213 1602670924
148176101 1559674349
9597250 765336634
60799963 1058831968
101100160 1289833781
23825831 846895244
11369829 775497103
165040835 1656343460
34256091 906681772
157365998 1612351088
97920962 1271610533
86724738 1207433478
33630136 903093782
99526823 1280815373
82215571 1181586811
37640935 926083790
111550044 1349732801
4553409 736425196
135423766 1486577621
16962313 807553370
99140548 1278601234
12600961 782553983
81393516 1176874766
145147082 1542311931
33958484 904975881
44186603 963603738
9377580 764077477
37896023 927545963
98274108 1273634777
38467191 930819915
30540166 885381990
145061461 1541821146
80479094 1171633276
142512684 1527211490
61154184 1060862369
60293881 1055931090
126214431 1433789465
112342142 1354273126
107767188 1328049366
28852431 875707847
82150529 1181213985
86501812 1206155658
147619166 1556481980
119999071 1398162850
25805904 858245072
64997699 1082893501
17668373 811600529
99929895 1283125791
85682798 1201461050
69364913 1107926489
67129952 1095115634
116404976 1377561402
3870751 732512184
91716044 1236043774
87066916 1209394851
59929212 1053840797
117555939 1384158754
57300369 1038772201
108743611 1333646252
8104311 756779068
59763027 1052888217
171042201 1690743451
