100
388323797 691047026
863237980 691047026
221488074 691047026
846654794 691047026
782982036 691047026
205586327 691047026
46450627 691047026
590824527 691047026
53189466 691047026
326451666 691047026
392553723 691047026
648166263 691047026
911777648 691047026
714019175 691047026
213118584 691047026
968984729 691047026
839261951 691047026
887174142 691047026
695056844 691047026
526045267 691047026
264023240 691047026
21435574 691047026
589209540 691047026
414840569 691047026
192941437 691047026
194084859 691047026
361065843 691047026
396864895 691047026
495058133 691047026
653305157 691047026
688610172 691047026
318460853 691047026
881851308 691047026
779602259 691047026
659341410 691047026
685184245 691047026
791573623 691047026
618806760 691047026
666838338 691047026
591802087 691047026
858102762 691047026
716765764 691047026
986737326 691047026
555657373 691047026
818806614 691047026
532836702 691047026
486754529 691047026
175975873 691047026
925616190 691047026
679510819 691047026
898709109 691047026
420552235 691047026
27354254 691047026
770359571 691047026
797780852 691047026
757479720 691047026
507009209 691047026
221075192 691047026
503493905 691047026
660798453 691047026
141787914 691047026
124958986 691047026
659238624 691047026
727231841 691047026
934881399 691047026
493661121 691047026
384679494 691047026
648713538 691047026
598856614 691047026
866869835 691047026
824229307 691047026
495401526 691047026
462393266 691047026
888029969 691047026
413668834 691047026
906940809 691047026
602543012 691047026
880794233 691047026
178857026 691047026
847079159 691047026
70126971 691047026
946549855 691047026
421102276 691047026
978696847 691047026
940389196 691047026
582077238 691047026
793790962 691047026
319030703 691047026
239657860 691047026
639406490 691047026
536433876 691047026
202177882 691047026
69330779 691047026
724798355 691047026
493007455 691047026
503607711 691047026
229756570 691047026
31517620 691047026
680161091 691047026
32842583 691047026
