100
87229388 78904947
275211381 20883190
26677512 635410699
680282260 880604551
662136133 473040170
601624557 218700179
421057764 162632444
2297010 375681651
116261039 398936156
331490225 374132985
307798042 275348492
924125834 3389945
331733940 416723258
172138264 567256324
312443258 572253544
449735911 335857981
475789246 72535308
413167712 831953178
751081485 750795746
450127539 839323089
848582923 27670220
522628174 990197180
72699721 134247523
984216621 148178942
640460022 118294476
864580679 471293752
123186554 938611819
915474284 712299595
959742274 513739471
922519229 240952500
287623463 225661107
846750310 301070822
210409584 318258901
162348472 384205609
672644111 285086831
857245904 363285820
22014622 153903442
339181367 654085420
770978766 210979310
100209282 147723265
100131038 792406930
963938755 987155142
575111508 257422586
700470545 274511431
743314875 871049350
578176628 2162405
644845479 305040051
608533561 953006329
486914710 744520600
487564029 907518243
289181649 75767652
947537907 875264024
674173711 79695148
440584670 871715971
499100709 548414653
562593036 427521118
602237361 683961041
863471592 487786179
344475633 729945820
697382185 643491297
460763999 793846095
827613682 893786499
443942509 680177950
427551092 313213188
140105150 209223943
683401266 456858666
261467893 627981706
406509974 110748452
888348847 504670775
791978835 354633706
510446858 117464055
958023853 525548260
699748799 150853499
521458234 210291815
236013823 832046286
512764010 229372980
891421327 117521189
240308228 165518391
273362001 289494937
914403944 18494837
313052938 761652374
289287616 435419879
906981793 168742075
790935087 80885653
99539778 671726908
541428088 592233861
987677055 887668188
660152996 935283052
330632570 78199757
175218081 51610432
671019569 887253054
49844353 514823644
667579872 128483349
638092243 93738789
146783599 68175390
566331263 224278967
364240648 597774546
644500978 397392505
550394518 877362324
563852754 520692963
