1000
157082883 135180163
29726618 82701922
335712485 39944099
430465541 356590233
693841481 41045701
131037844 959024279
186852908 140259890
677220067 770674846
427918475 186323364
271308500 436980697
462530204 851309744
710707479 329951970
532059001 679678714
943889095 594672590
971390910 101870906
948443966 935355720
590647475 579296830
668760272 890205560
955834596 849345807
311568396 377111870
427289546 165448579
823108981 210765045
489142464 988958508
858225205 419400539
981211050 899399310
289784629 494964471
433621721 263720493
426740715 793941738
626090982 593932799
676202688 458756480
668617287 779817307
58129587 856736608
102830681 473821330
111286519 371016517
742493012 518483657
574890815 24523108
880137369 703978945
51252136 996685956
732461802 411875695
715031677 236906930
920855776 814747270
646247068 583387853
848906705 569134335
622557475 105427712
10352094 234508907
859230138 242136366
554351721 56113271
863260852 798070859
397129106 39236505
405039720 104304980
344704228 359226123
726892930 756613313
558266523 929449431
953524416 598885293
362266658 880610577
109516230 269384155
317995598 914612834
874515082 900264448
114829552 354165898
562608317 310684478
246070860 370739108
715780572 899136935
187263191 186710520
912514276 861931437
482347186 456931766
121659976 682287434
410478078 816415108
97197248 104129304
608843844 228020854
684619330 737899700
640104421 752084099
392118194 698723933
341266013 132160311
880532126 480855141
67602770 434976836
460921453 768675870
453561639 964889359
126767837 857189173
386699246 644524213
678094548 230184042
133866690 84444614
524299237 535367888
822370383 81299038
338876510 689861077
153358574 727555305
7560457 604125819
246170335 681446903
205430226 12064149
144530425 200037195
838092231 461037240
437848661 859559556
703307584 365013584
58190427 320173915
43538553 456717278
435878175 849489199
490667831 829860761
919191312 136647002
877004695 765085190
351744760 603284667
864904860 215841203
221039503 19359513
538428681 713756925
373370542 143006378
770048373 153116144
845597572 487065312
115267940 879793946
972593201 701755690
815897450 686971571
409043911 721668979
81956782 805556167
190754112 192719889
967691083 842029829
419863086 808924167
49070973 635983987
282517708 286350033
524499039 730356534
101247741 220022776
560706884 1364286
675383338 515959448
263318362 252617846
899799620 472428610
952616840 159512662
292354555 331897381
939372787 824529582
558722189 137695671
801046202 492909053
649129522 149657497
374985444 595680356
612597735 453479510
990027756 609547090
764930337 188827767
158233567 491074855
648990987 610847894
704793325 364656146
576959363 252469057
636013377 230911534
982009785 484684984
830217829 40451240
168099348 77389060
836059442 788651384
693363297 380208076
143987936 303266356
89422467 376821017
733843512 835872334
364366480 104146443
55237969 372899424
345662098 678452494
314700375 971574595
720172757 736711448
970265087 106077771
690627558 797372748
790822516 189905403
120351206 918575229
354808362 928500166
957630946 874360631
813959638 620857442
2755568 323771231
77748709 768652953
872246758 338841126
165935162 91887056
312619127 296032594
276533057 726305576
347745609 705287127
776569478 770476830
443753048 190201617
784425853 268515982
407443338 971067648
201043818 347406245
479674388 320395129
653999195 159177823
686589861 982970979
148924779 72242396
685028366 989778259
78210547 88175595
779777499 128423704
770218037 427803243
501942842 873845117
306461069 598652096
208279389 450016553
702147738 249042437
152857901 497738467
999954334 264956181
892009424 461970195
672639511 963384688
206691812 358629836
29786767 889351113
49508557 258463376
657284249 830870603
393693125 283259758
298688969 79292503
186830960 704090310
662168474 704927501
991731287 591698919
720293052 874644459
115488844 700075313
429259954 321562194
327922507 255273824
232132730 779706315
896806903 781969891
423606614 373170497
747447399 578343494
722647854 605228159
392154825 484260618
646571355 27774076
3177704 174583484
16850306 822286206
839036386 612569678
133066369 122361590
720027002 364319995
383803517 328122512
697052563 833341968
952696155 428222767
596034344 12502876
481715066 220154153
913794914 678048076
375667213 419565157
976596284 626611626
941181364 454959607
169655142 983122827
670764268 295544763
441683870 690066997
858351103 819912638
283828738 722125173
466083383 528825945
20191873 867005406
787551151 260518460
890214697 308812940
659158828 596719527
722694555 14235164
974941999 213543375
99502031 781723180
998806037 538938211
440039961 649751065
590760733 631017108
565121446 328131068
226352183 744166352
340833407 42706996
179860506 137926026
876137296 981028559
387998015 125823174
824082536 915292391
284595775 311046293
986905756 557721748
399675437 363166032
360999791 860578546
232949074 455818892
122234513 528835948
38514733 64940351
126113581 983530937
295937352 613528590
941224372 223824536
153106044 250584813
766259684 795274820
156308040 436988910
670318091 124848459
354182864 765645713
331193029 473473427
624531958 119609719
160445374 512955743
255676265 101205603
638863142 692300959
112856970 419686916
764672277 55076882
494396349 732411930
239024601 260048196
970250584 356041548
250638382 715090185
439440054 304164728
538714864 593975698
1479317 999137268
346103221 539036190
220541357 40034955
457450384 569869776
250821410 974601470
19537073 869481587
333015336 872578751
449300012 791278683
824152904 755184182
638487430 87294083
185141528 881054778
618940990 478537703
413825679 885915273
660337747 629913216
518536878 332111309
961374311 745013581
367765352 522087036
143958530 359880539
809852554 733477619
881555938 549788344
239028935 518051434
935698714 554683840
437407441 290154810
839669172 209641267
440284174 933811212
122304965 833472167
947950806 831333929
920961503 129819653
357162214 222540498
401950748 501254314
8286767 530635092
454716638 203573357
676993510 729736711
602703039 141563159
316955366 648762769
123737391 552048511
828899360 770671564
789655291 272507370
793110202 551851045
197228575 374133309
861445794 586913095
564467952 173830337
114823388 919755864
157511010 685558282
857088502 950246593
689965606 245689720
314354409 730786644
103890297 910947219
967563594 86881761
363748918 221577627
713077207 902913984
299249132 935038280
480379355 195044916
475360802 200495461
864349265 612951929
890011228 628873454
891006242 423870948
408951716 350746490
952118596 876604669
892398130 416727453
762462492 660838338
478155511 829700753
958105679 955261321
366917406 628559075
47081173 649115898
782503488 399278475
36985955 911707796
790980063 473287260
932887783 981748611
944570203 288124272
725245942 279272472
724727365 46421411
950539206 989930669
34699783 166827699
375829184 206194147
803899728 446651678
123900005 606294961
266976420 888968245
374060816 995280178
700374109 892414024
691354257 445305952
759495900 155893173
304937767 380282192
531094801 779972154
328594772 406846102
272751894 842621547
691445419 672363100
738507416 656548164
529223731 187989611
968316862 867251262
49835014 581176703
170034048 34114858
675777422 151737082
40803106 21182129
661960778 683057088
88256877 89123627
381390241 252453159
258582763 490524002
663790709 142936963
96394860 287087510
822729285 406299891
506471133 697200718
343850011 770677492
833173949 608849
563028652 414992085
271732223 110685569
797047998 515252882
281669158 531137023
272716088 512165015
384081670 713564564
370350828 289233059
132630406 206140494
569681639 34370576
541026299 49834565
892548505 462245239
225527992 841521540
624436595 65376728
970915214 995380173
551489504 829474582
951395649 332027577
922150015 299792464
143997173 638404171
850216992 374967105
889848369 756346199
168152675 344860091
419120796 424131530
442957601 25093508
918998466 333278466
982589777 942242519
256102616 697694625
852782094 799395694
607636427 855689798
55759158 298642893
908954895 877354493
306515207 563317245
853598022 883824505
552479210 312425150
484712504 624803619
650855080 450104236
307182453 651852095
790050121 408765930
667771006 476440209
310600405 9100384
498911594 309230303
926216522 724185296
727050706 451310116
891374250 810266021
366766168 486130521
426057787 206127357
96211920 359563715
691039599 787814256
445343660 339300903
526875110 384616108
915973746 577273888
286885524 639206548
6136594 198611364
916753454 18692200
698144619 711851294
311576934 763492091
492135359 10207147
994582786 49409914
58890573 613381610
963539181 651239522
937342516 926508159
23078158 228253823
20451806 458355652
112880000 582699101
608745730 423398739
123977585 543478928
734806386 133328072
37601668 559171063
898902209 490727219
590532313 103653891
195809978 189944932
872417242 522289635
20145640 48417425
629922329 507837415
378191954 380618421
932473038 215699936
611196793 107745474
920938575 510640931
50762172 116262998
76290243 383031134
220044131 235842242
160541535 632696149
424866357 476176359
937490450 191704114
859394884 489270877
534613824 659300743
371934040 974335425
641165129 804516942
401876979 763546018
976925235 840946257
936965063 8781623
689365767 122053165
30588838 216703801
472708344 830153813
296616960 884066814
184234551 911022314
403663603 100562183
935119450 152369048
735133264 849155900
28755989 650080116
639967023 497099402
242122542 15673937
712749871 21522474
746095683 670423672
537621575 193868293
197665065 386161957
159747042 873751708
614686184 69874684
298560418 166411812
643420372 62556953
955864058 697148556
641897792 936621370
685441508 90369343
951323901 885191143
929242265 436755946
314833740 569460011
885789215 745332814
511863596 596559104
652244997 788873609
569018364 644540678
778610059 864278119
821369461 942659877
627825802 948307963
226296920 786720439
403222855 589125053
8530767 44726693
108084017 225095703
914537266 751135971
977562005 494200900
15250 173613091
22130268 416681957
244741317 565797599
883466235 734258951
127736490 836137988
379147069 204016773
289624396 369130927
31331836 626694367
8950527 92300297
925931682 617646709
811535954 698592331
777062478 779415932
43617476 867665055
824268253 21995867
679014454 963184533
262146656 291526323
558977785 418805349
877792025 668867295
846255298 819954601
812916842 13441211
22894821 313676271
176216078 206737462
743567280 171632642
676126214 239642276
335263608 401739992
457073232 425175226
329313762 569905058
40207737 25488475
177165463 977949471
977224189 729428345
950988025 468758607
577975124 472096304
794748753 526259138
473032415 583167162
821232954 277187527
528420533 551929454
57726232 378514003
522118730 249715125
314951996 789683263
472533586 588439235
307047560 532046013
898246585 855126750
551407784 77860707
368974467 206829787
880046982 904647430
725732715 249880563
935590725 801320247
374972915 353655086
549742426 263873224
322413003 583570205
809639243 472980766
162140010 808294317
470764282 357020470
933163842 601832476
868292787 839165598
547103994 985366531
416892002 496195085
592734640 629137461
734789738 632536064
539521676 623099894
769513262 869017983
101745544 298590893
691975306 156833915
244055209 830679847
495351616 677511090
288732590 98395695
859449236 386656493
571506717 637175074
595987197 559236960
622775224 825352367
199051415 526253956
166431496 564398385
882741243 268189255
91739364 90810080
11527400 149647169
354652702 202441830
738262300 556022985
649406902 258380186
262020628 225211239
189422586 876162092
564876366 749387722
609245927 65543033
656400287 257381037
233563918 308174740
435535594 169965337
984005195 360449553
841595063 373110750
829463898 68931938
899833940 757457970
342725952 248756962
692996012 671536252
766134374 475950781
788237476 140528342
909537132 700555301
807101773 368053677
219597060 571645272
241974213 943766858
527561646 101114573
778062502 222483779
358642354 643995300
48730153 796590102
873890725 565660427
98031685 5375611
923311097 197361874
340663611 206920350
702611579 521841293
510150441 344499241
865465897 320002956
761898717 699781487
554746043 692391904
190366040 124641462
341548478 106884273
929180981 566501020
17839333 392773272
869455095 623163396
249476899 66620900
729828275 651154059
780414645 962232671
718272206 788071991
107995014 358778202
626515168 231156058
726853195 191033346
932413921 209642509
537814371 627741174
306832499 35914159
556994224 899519956
324517726 783216225
702418779 748854835
49044342 973589282
682424229 766887826
955250129 15645580
574677288 916058595
327867378 732060932
332289369 465684077
121365365 70547676
647050832 708777296
189480772 655982711
74784031 673162915
399145571 784094801
565620553 15944619
869479702 887806189
436798798 777022632
254229818 454137959
506602318 719033078
928229389 690082237
677908994 471980466
549804610 629737080
963520484 144209699
525409036 96761748
704551708 68074716
911880842 660406146
252607409 334972586
659085710 602102876
685018194 319251742
999033501 784459193
338778247 741692775
797513819 990749220
586146917 328579560
159269554 559765958
166205991 310839215
128883877 671714316
745932764 929554646
415263278 927292124
208143991 87448415
612288381 771959868
356196238 961488250
877717743 676291430
525342696 511110267
984170624 384322650
253990338 90511340
74724257 343473032
884275416 846256168
15702339 387432988
506599370 693020298
383220190 289385227
566703666 750455048
378995802 936643785
347585064 199536247
541083826 751658904
33504126 379443096
251700759 913682120
28095470 166532559
115852703 683570987
75843595 62487503
260438469 822856707
657461837 743336614
929013484 678628541
372663904 312885748
35434532 811226166
611412733 863974244
952419605 279760609
36085847 389946685
533049865 477150434
698666334 390133487
972109388 986454934
760491044 444074918
389292712 340461505
473579036 829106288
926277047 776389941
435661139 154238006
318887133 837163372
332248003 914773754
281890162 626254595
456220734 60254739
84328194 607386065
281382991 436026240
565500776 262977049
333949945 177474324
47239487 352856879
577274026 770546103
261792632 782851354
619796012 40397766
617869816 923613304
459318205 135975195
969642795 398718755
402146035 737815992
252231677 120220532
801774101 111848282
312371670 954728160
900650416 311028847
24088776 740493525
252129795 220577028
944836495 626489420
257310992 556520817
156865432 219455700
263863603 683073829
467422669 248718901
935113915 509106157
734082225 618914431
387978617 380863962
858840918 40063794
94724052 963932330
996916039 102988753
376045896 611601905
432092438 535212513
446359685 168650807
985613820 222752333
653883067 636419809
506449360 957372105
638832104 281573879
395050242 427987620
812994574 516996807
224384391 178967689
173212383 519962017
340144932 118233127
38429509 841264735
571404748 1249037
509287973 900414011
90823185 208643004
338476719 678508285
829862058 86829310
757848807 945329069
132669852 153127529
668055612 872882578
730462582 629658203
780218947 994677031
701339485 869372372
861635329 610144391
103218355 179362636
954208545 877830929
481222170 401589570
425979959 220561550
971034725 696935695
953115489 786242029
491173745 282403322
581350200 411303085
799444712 951054629
121254768 796774125
172456329 976489787
552193000 753204873
966102901 459577162
296051196 575279257
399660342 486759821
220576798 580775666
592314593 372744695
261512741 683522881
939553658 112249564
424933079 641412829
429640564 706600345
974460227 964299633
798541523 101293993
985345982 294729734
758843230 724769166
788170495 490095803
999140871 283903833
614714061 302617363
524489375 933550869
436050092 173771810
67815161 300642476
20174584 768305263
922255377 456186607
293625987 430470911
468523234 755230120
700111932 789500842
503129689 346959416
810191514 463663716
323153137 113449699
453083648 438729287
802232162 688517874
244121338 253217777
564888119 801342221
8781782 705460343
992254499 628071838
89721170 101810985
521846596 622405657
386609450 807686682
811498246 74391813
417962347 817085504
103104965 203314677
134884801 937828897
489791620 831212307
440865569 730914922
59849343 896341221
454651754 81661242
488339886 825364741
119899624 281866311
444607335 357807332
592804888 359149292
572543980 572658476
831388151 890973770
886914234 17401060
977089637 311680078
924169566 654200125
134551930 996212484
357592575 233971999
712148919 132451487
525571592 540056061
726527312 734217214
159555028 961294863
909848489 318740963
97522518 74353365
829314724 633191460
913656313 366817791
143723644 941117088
412800204 305130954
505275927 138933089
635406429 740768730
904155299 477385986
265295144 303141254
87715208 440192529
427134270 96776828
310694869 952051594
292736547 436299761
808479484 984046219
594046446 42027615
617111451 663722116
85003554 823872337
22817079 694707214
713911832 70169528
56712366 777985647
778657763 130168280
813847249 374972800
862636599 588998618
950767634 337327163
692037538 44027951
956359181 981805353
536100999 10859223
290736029 452268876
849140173 123442955
680979711 436201068
602218252 965215630
670854342 174333008
783586965 353037409
292955255 183517491
857033942 340830014
616707309 941258349
489158716 612404645
247710586 504135178
189719406 818167285
152241225 254524255
333881258 82592853
923911283 232253541
570911403 41928435
148456060 37904668
728238787 60565175
876289763 42779967
294224984 670351453
228861719 943862969
84487376 22974306
947393945 20772736
72460198 957410026
954327165 228360152
674497713 707527737
471471654 374975712
936980893 109528322
114514421 341506624
927737931 222411266
860452033 623950396
472686050 479092054
632836157 225027985
883868537 145594646
275776794 132672899
570764700 540278052
449583299 80540058
276539381 260178887
292689152 468976751
369258023 276682254
844588445 741831047
176827183 655737681
692299463 666953771
615471735 718200515
869237771 932414700
330873931 991430037
48690503 362337418
822912564 315365300
513993214 222131901
278722291 639241196
691577328 792581560
849872039 848744932
502506686 650298653
75164090 808311666
52942168 745087288
525980156 304449121
94977775 660371052
633759721 264801546
859506057 925580182
455169252 186260608
141552713 716910932
999929786 705754706
431962924 602289574
219637607 29721056
723569460 728032403
766884969 397731049
502758939 574897757
341052518 644011795
518915966 179223201
660175246 143375753
138940543 1509458
60232301 758442774
800913989 150237807
890959171 946345730
114349083 551869288
7796080 142038400
958343090 496000022
282489140 41527707
604825389 57069045
822902899 86346768
685720610 147955254
576168249 652368763
317698742 354063086
113652089 520268885
194461461 415892818
849774787 805689922
218134743 857860303
746696644 268990366
766683952 390218889
792456826 335538278
298150838 548091174
512532450 228708297
494945886 277949009
401399633 275517746
414662812 481447490
58309 465538145
682783974 422503167
865822596 586176515
563362820 969701839
677427035 776135672
761271371 667204836
765391196 330962380
337134576 239586284
731984303 926083213
641414737 690465759
68198481 507932386
176669533 517407176
326501215 95220133
42791528 756590500
381832084 96554103
24952694 281800118
981953774 338406536
953028977 160860147
831046398 237828592
655931104 627163271
408942653 171206452
313689311 618287604
374403178 737209756
705234231 430491069
217376365 420251482
560641621 331589732
984869273 814779226
29895562 182609132
748276442 516549031
409453241 44717763
630223109 326115673
609551165 641111069
234777439 511344742
545745002 825949605
280283930 471838197
268371404 644690915
282654554 725254444
282706821 694558791
79302404 388553876
917978531 727214448
562385272 742794741
318574010 280822160
106023690 952463104
936346538 148860085
13298351 560277252
292616395 352044114
222310100 500872554
